E-commerce Churn Synthetic Data Quality Report
Generated at: 2026-02-10T13:00:07.825907 UTC
Rows: 100000, Columns: 25

Numeric Feature Summary:
         customer_id  account_age_days  total_purchases  total_revenue  avg_order_value  days_since_last_purchase  purchase_frequency  website_visits_last_30days  email_open_rate  email_click_rate  app_usage_minutes_last_30days  customer_service_contacts  number_of_categories_purchased  returns_count    return_rate  loyalty_points_balance  discount_usage_rate  referrals_made  churn_probability        churned
count  100000.000000     100000.000000    100000.000000  100000.000000    100000.000000             100000.000000       100000.000000               100000.000000    100000.000000     100000.000000                  100000.000000               100000.00000                   100000.000000   100000.00000  100000.000000           100000.000000        100000.000000   100000.000000      100000.000000  100000.000000
mean    50000.500000       1014.221820         5.003950     198.641365        39.697155                 59.535250            0.700997                    5.006280         0.285669          0.057105                     120.564417                    0.49669                        5.494030        0.99999       0.158942             1996.051424             0.285989        0.201150           0.353846       0.353320
std     28867.657797        568.602474         2.228076     167.730511        25.988920                 59.261928            1.069119                    2.224862         0.159500          0.050605                      85.448098                    0.70485                        2.875473        1.00070       0.113198             1409.831056             0.160306        0.447404           0.169906       0.478003
min         1.000000         30.000000         0.000000       0.000000        10.000000                  0.000000            0.000000                    0.000000         0.000302          0.000029                       0.088289                    0.00000                        1.000000        0.00000       0.000038                2.406618             0.000679        0.000000           0.010789       0.000000
25%     25000.750000        522.000000         3.000000      89.748798        22.172741                 17.000000            0.258832                    3.000000         0.162082          0.020764                      58.074569                    0.00000                        3.000000        0.00000       0.071230              960.200893             0.161056        0.000000           0.223648       0.000000
50%     50000.500000       1016.000000         5.000000     152.731671        33.080933                 41.000000            0.411159                    5.000000         0.264403          0.042319                     100.816030                    0.00000                        5.000000        1.00000       0.134739             1672.949094             0.264505        0.000000           0.329590       0.000000
75%     75000.250000       1506.000000         6.000000     254.475706        49.689076                 83.000000            0.672280                    6.000000         0.389596          0.078217                     161.991189                    1.00000                        8.000000        2.00000       0.221912             2690.098251             0.389928        0.000000           0.461406       1.000000
max    100000.000000       1999.000000        19.000000    3956.699266       440.389520                365.000000           14.000000                   16.000000         0.926103          0.495604                     899.707397                    6.00000                       10.000000        7.00000       0.796518            10000.000000             0.959911        4.000000           0.962052       1.000000

Churn Distribution (fraction):
churned
0    0.64668
1    0.35332

Missing Value Fractions:
No missing values.